750
478 227
71 861
743
877
471 12
723
532
228
663
2 711
499
360
327 119
251
467
334
722
166
960 195
430
504
754
926
854
732
161 805
603 619
559
694
179
455 350
949 744
429
825 566
830
648
64 788
797 612
314
871 774
626
990 846
893
812
955
565
192
502
623
110
571 816
128 564
729
844
385 231
999 932
978
488
83
911 513
690
665 426
222
443 615
867
886
406
301
836
157 256
546
486
516
143 144
450
246 548
194
948
5
705 716
595 30
828 168
802
553 413
98
408 249
46 330
953 253
127
219
333
543 469
462
35
741
490 44
136
3
852
26 673
889
446
924
474 95
966
650
315
89
395 288
116 689
573 840
201
592
771
23
790
280 853
245
476 410
148
375 289
848
174
121
657 681
92
785
215 578
20 91
606
617 720
424 273
725
874
519
787
550
31 941
957 382
530
500
109
520
621
88 703
583 434
302
668 55
348
472
260
366 697
718
698 399
551
678
747
834 200
588
75
278
505
299
435
102 631
594
422 438
240
895
817 345
268
165 934
677
420
575
783 376
576
126 96
433
13
555
740 290
93 452
313
819
627
358
285 372
287
991 58
312
63
608 146
320
751 338
855
216
795 609
581 65
517 580
11
597
298
45
693
21
584
655
752 632
250 996
933
501 894
142
149
724
525 318
982 124
8 620
509
189
884 527
666 927
649
404
734
842
130 558
987
554
708
514
380
79 582
255
753 535
217
99 147
481 339
936
995 18
636 415
860
187
888
24
457
328
688
203
454 572
6 891
946 837
799
175 198
234 67
736
672
483
730
733
935
409 684
629
768
0 883
482 847
915 685
412
436
757
913
263 236
779
963
411
719
190 968
416
748
721 306
365 511
562 324
865
786
706
335 965
281
209
342
137 670
712
241
695 765
570
497
53 343
997
70
188 432
378
118 353
247
994
950
717 534
19
951
549
654
613
389
349
41
470 659
675 737
282
114 156
155 51
329
845
972
232
872 153
196
804
213
252 937
975
14
993 206
82 61
567
364
541
887
691
643 458
714 789
140
909 674
839
169 873
90
262 856
878
25
739
233
921
769 945
814 862
468
160 117
809
560
351
357
929 910
78
508
158 355
728
942
976
254
319
701 383
524 710
815
491
292
792
686 291
561
746
87
164
305
634 494
344 150
547 796
129 637
309
226 401
325
272
73
644
829
258
36 495
692
85 414
906
473
998
849
60
943 916
679
984 770
275
922
903 52
905
181
777
484 37
123 801
552 625
707
528 47
539
492 304
332
954
204 32
387
536
68 979
370
354
599 307
667
177
428 587
267
208
507
242 618
756
42
485
163 940
212
397
66 537
986
311
125
899
111
577 386
239
880
7
244 76
4
614
367
17
806 418
308
183 590
557
545 568
38
735 521
316
57 947
776
533
870
902 15
466 180
381
393
398 980
286
640
475 151
803
50
864
300
652
869
340
859
522 402
653 437
656
939
210
423
185 368
662 868
904 133
784
265
154
394 841
962
823
460
425
170
607 363
641
821
660 628
646
34
835 589
750 700
876 223
261
969
283
27 115
593
303
726 758
238 218
120
611
225
235
683 624
243 449
9
879 956
702
159
920 919
182 257
374
145
48
938
405 331
277
86 885
284
391
687
882 138
479
970
296
813 97
682
202
761
229
958 105
197
77
983
211
352
760 798
671
336 661
141
122
461 715
647
639
419 373
540
630 503
896
818 173
908
791
907
463
515
39
22
392 214
359 600
981 973
447 977
658
326
167
362
221 563
742
989
205
556
923
407 337
453
985 781
773 371
964
780
704
108 967
297 94
266 270
775
441
442
451
680
531
778
427 518
178
898 264
616
431
456
890
843
755
811
669
321 510
294
396
800 833
850
28
162 523
139
831
269 384
176
824 134
832 101
512 763
49 496
875
585 72
901 341
81
369
199 388
186
276
103
106
295 866
952 664
440
645
586 10
767
62
184
794 390
638
745
379
900
863
271 542
403 622
917
591
892 544
961 709
526
459 80
361
569
84 69
642
421
596
113
988 598
439
448
1
465 676
172 40
738
445 259
400
602
918 131
347
279
959
974 930
444 928
230
635 808
480
604
713
132
610
858 633
248 464
971
931
417 171
498 601
881 793
377
346
851
224 152
207 857
356
529 759
489
782 651
506
820
826
16
29
822
605
810 762
193
191 731
56
772
112
912 838
944
33
914
310 59
107
696 237
317
43
322 897
579 699
574
827
100
764
135
925
274
220
807
487 54
293
538
992
104 749
477
74
766
323
727
493